     0.0  0.00000e+00 
     0.1  2.19808e-10 
     0.2  1.45268e-08 
     0.3  1.48133e-07 
     0.4  7.07624e-07 
     0.5  2.24124e-06 
     0.6  5.49188e-06 
     0.7  1.13007e-05 
     0.8  2.05019e-05 
     0.9  3.38344e-05 
     1.0  5.18802e-05 
     1.1  7.50315e-05 
     1.2  1.03481e-04 
     1.3  1.37231e-04 
     1.4  1.76112e-04 
     1.5  2.19811e-04 
     1.6  2.67899e-04 
     1.7  3.19864e-04 
     1.8  3.75134e-04 
     1.9  4.33103e-04 
     2.0  4.93153e-04 
     2.1  5.54672e-04 
     2.2  6.17064e-04 
     2.3  6.79765e-04 
     2.4  7.42245e-04 
     2.5  8.04018e-04 
     2.6  8.64645e-04 
     2.7  9.23733e-04 
     2.8  9.80936e-04 
     2.9  1.03596e-03 
     3.0  1.08854e-03 
     3.1  1.13848e-03 
     3.2  1.18561e-03 
     3.3  1.22980e-03 
     3.4  1.27094e-03 
     3.5  1.30897e-03 
     3.6  1.34387e-03 
     3.7  1.37561e-03 
     3.8  1.40421e-03 
     3.9  1.42970e-03 
     4.0  1.45213e-03 
     4.1  1.47156e-03 
     4.2  1.48807e-03 
     4.3  1.50175e-03 
     4.4  1.51270e-03 
     4.5  1.52100e-03 
     4.6  1.52678e-03 
     4.7  1.53015e-03 
     4.8  1.53122e-03 
     4.9  1.53010e-03 
     5.0  1.52692e-03 
     5.1  1.52180e-03 
     5.2  1.51485e-03 
     5.3  1.50618e-03 
     5.4  1.49591e-03 
     5.5  1.48416e-03 
     5.6  1.47103e-03 
     5.7  1.45662e-03 
     5.8  1.44104e-03 
     5.9  1.42439e-03 
     6.0  1.40676e-03 
     6.1  1.38824e-03 
     6.2  1.36892e-03 
     6.3  1.34889e-03 
     6.4  1.32823e-03 
     6.5  1.30700e-03 
     6.6  1.28529e-03 
     6.7  1.26316e-03 
     6.8  1.24067e-03 
     6.9  1.21788e-03 
     7.0  1.19486e-03 
     7.1  1.17166e-03 
     7.2  1.14833e-03 
     7.3  1.12490e-03 
     7.4  1.10144e-03 
     7.5  1.07798e-03 
     7.6  1.05455e-03 
     7.7  1.03120e-03 
     7.8  1.01238e-03 
     7.9  9.99142e-04 
     8.0  9.86076e-04 
     8.1  9.73180e-04 
     8.2  9.60453e-04 
     8.3  9.47893e-04 
     8.4  9.35496e-04 
     8.5  9.23262e-04 
     8.6  9.11188e-04 
     8.7  8.99272e-04 
     8.8  8.87512e-04 
     8.9  8.75905e-04 
     9.0  8.64450e-04 
     9.1  8.53145e-04 
     9.2  8.41988e-04 
     9.3  8.30977e-04 
     9.4  8.20110e-04 
     9.5  8.09384e-04 
     9.6  7.98800e-04 
     9.7  7.88353e-04 
     9.8  7.78043e-04 
     9.9  7.67868e-04 
    10.0  7.57826e-04 
    10.1  7.47916e-04 
    10.2  7.38135e-04 
    10.3  7.28482e-04 
    10.4  7.18955e-04 
    10.5  7.09553e-04 
    10.6  7.00273e-04 
    10.7  6.91115e-04 
    10.8  6.82077e-04 
    10.9  6.73157e-04 
    11.0  6.64354e-04 
    11.1  6.55666e-04 
    11.2  6.47091e-04 
    11.3  6.38629e-04 
    11.4  6.30277e-04 
    11.5  6.22034e-04 
    11.6  6.13900e-04 
    11.7  6.05871e-04 
    11.8  5.97948e-04 
    11.9  5.90128e-04 
    12.0  5.82411e-04 
    12.1  5.74794e-04 
    12.2  5.67277e-04 
    12.3  5.59858e-04 
    12.4  5.52537e-04 
    12.5  5.45311e-04 
    12.6  5.38179e-04 
    12.7  5.31141e-04 
    12.8  5.24195e-04 
    12.9  5.17340e-04 
    13.0  5.10574e-04 
    13.1  5.03897e-04 
    13.2  4.97307e-04 
    13.3  4.90804e-04 
    13.4  4.84385e-04 
    13.5  4.78051e-04 
    13.6  4.71799e-04 
    13.7  4.65629e-04 
    13.8  4.59539e-04 
    13.9  4.53530e-04 
    14.0  4.47599e-04 
    14.1  4.41745e-04 
    14.2  4.35968e-04 
    14.3  4.30267e-04 
    14.4  4.24640e-04 
    14.5  4.19086e-04 
    14.6  4.13606e-04 
    14.7  4.08197e-04 
    14.8  4.02859e-04 
    14.9  3.97590e-04 
    15.0  3.92391e-04 
    15.1  3.87259e-04 
    15.2  3.82195e-04 
    15.3  3.77196e-04 
    15.4  3.72263e-04 
    15.5  3.67395e-04 
    15.6  3.62590e-04 
    15.7  3.57849e-04 
    15.8  3.53169e-04 
    15.9  3.48550e-04 
    16.0  3.43992e-04 
    16.1  3.39493e-04 
    16.2  3.35054e-04 
    16.3  3.30672e-04 
    16.4  3.26347e-04 
    16.5  3.22080e-04 
    16.6  3.17867e-04 
    16.7  3.13711e-04 
    16.8  3.09608e-04 
    16.9  3.05559e-04 
    17.0  3.01563e-04 
    17.1  2.97619e-04 
    17.2  2.93727e-04 
    17.3  2.89886e-04 
    17.4  2.86095e-04 
    17.5  2.82353e-04 
    17.6  2.78661e-04 
    17.7  2.75017e-04 
    17.8  2.71420e-04 
    17.9  2.67870e-04 
    18.0  2.64367e-04 
    18.1  2.60910e-04 
    18.2  2.57498e-04 
    18.3  2.54130e-04 
    18.4  2.50807e-04 
    18.5  2.47527e-04 
    18.6  2.44290e-04 
    18.7  2.41095e-04 
    18.8  2.37942e-04 
    18.9  2.34831e-04 
    19.0  2.31759e-04 
    19.1  2.28729e-04 
    19.2  2.25737e-04 
    19.3  2.22785e-04 
    19.4  2.19872e-04 
    19.5  2.16996e-04 
    19.6  2.14159e-04 
    19.7  2.11358e-04 
    19.8  2.08594e-04 
    19.9  2.05866e-04 
    20.0  2.03174e-04 
    20.1  2.00517e-04 
    20.2  1.97894e-04 
    20.3  1.95306e-04 
    20.4  1.92752e-04 
    20.5  1.90231e-04 
    20.6  1.87744e-04 
    20.7  1.85288e-04 
    20.8  1.82865e-04 
    20.9  1.80474e-04 
    21.0  1.78114e-04 
    21.1  1.75784e-04 
    21.2  1.73485e-04 
    21.3  1.71217e-04 
    21.4  1.68978e-04 
    21.5  1.66768e-04 
    21.6  1.64587e-04 
    21.7  1.62434e-04 
    21.8  1.60310e-04 
    21.9  1.58214e-04 
    22.0  1.56145e-04 
    22.1  1.54103e-04 
    22.2  1.52087e-04 
    22.3  1.50098e-04 
    22.4  1.48135e-04 
    22.5  1.46198e-04 
    22.6  1.44286e-04 
    22.7  1.42399e-04 
    22.8  1.40537e-04 
    22.9  1.38699e-04 
    23.0  1.36885e-04 
    23.1  1.35095e-04 
    23.2  1.33328e-04 
    23.3  1.31585e-04 
    23.4  1.29864e-04 
    23.5  1.28166e-04 
    23.6  1.26489e-04 
    23.7  1.24835e-04 
    23.8  1.23203e-04 
    23.9  1.21592e-04 
    24.0  1.20001e-04 
    24.1  1.18432e-04 
    24.2  1.16883e-04 
    24.3  1.15355e-04 
    24.4  1.13846e-04 
    24.5  1.12357e-04 
    24.6  1.10888e-04 
    24.7  1.09438e-04 
    24.8  1.08007e-04 
    24.9  1.06594e-04 
    25.0  1.05200e-04 
    25.1  1.03824e-04 
    25.2  1.02467e-04 
    25.3  1.01126e-04 
    25.4  9.98040e-05 
    25.5  9.84988e-05 
    25.6  9.72107e-05 
    25.7  9.59394e-05 
    25.8  9.46847e-05 
    25.9  9.34465e-05 
    26.0  9.22244e-05 
    26.1  9.10183e-05 
    26.2  8.98280e-05 
    26.3  8.86533e-05 
    26.4  8.74939e-05 
    26.5  8.63497e-05 
    26.6  8.52204e-05 
    26.7  8.41059e-05 
    26.8  8.30060e-05 
    26.9  8.19205e-05 
    27.0  8.08492e-05 
    27.1  7.97918e-05 
    27.2  7.87484e-05 
    27.3  7.77185e-05 
    27.4  7.67021e-05 
    27.5  7.56990e-05 
    27.6  7.47091e-05 
    27.7  7.37321e-05 
    27.8  7.27678e-05 
    27.9  7.18162e-05 
    28.0  7.08770e-05 
    28.1  6.99501e-05 
    28.2  6.90353e-05 
    28.3  6.81325e-05 
    28.4  6.72415e-05 
    28.5  6.63621e-05 
    28.6  6.54942e-05 
    28.7  6.46377e-05 
    28.8  6.37924e-05 
    28.9  6.29582e-05 
    29.0  6.21348e-05 
    29.1  6.13222e-05 
    29.2  6.05203e-05 
    29.3  5.97288e-05 
    29.4  5.89477e-05 
    29.5  5.81768e-05 
    29.6  5.74160e-05 
    29.7  5.66651e-05 
    29.8  5.59241e-05 
    29.9  5.51927e-05 
    30.0  5.44709e-05 
    30.1  5.37586e-05 
    30.2  5.30555e-05 
    30.3  5.23617e-05 
    30.4  5.16769e-05 
    30.5  5.10011e-05 
    30.6  5.03341e-05 
    30.7  4.96759e-05 
    30.8  4.90262e-05 
    30.9  4.83851e-05 
    31.0  4.77523e-05 
    31.1  4.71278e-05 
    31.2  4.65115e-05 
    31.3  4.59033e-05 
    31.4  4.53029e-05 
    31.5  4.47105e-05 
    31.6  4.41258e-05 
    31.7  4.35487e-05 
    31.8  4.29792e-05 
    31.9  4.24171e-05 
    32.0  4.18624e-05 
    32.1  4.13150e-05 
    32.2  4.07747e-05 
    32.3  4.02414e-05 
    32.4  3.97151e-05 
    32.5  3.91958e-05 
    32.6  3.86832e-05 
    32.7  3.81773e-05 
    32.8  3.76780e-05 
    32.9  3.71853e-05 
    33.0  3.66990e-05 
    33.1  3.62190e-05 
    33.2  3.57454e-05 
    33.3  3.52779e-05 
    33.4  3.48166e-05 
    33.5  3.43612e-05 
    33.6  3.39119e-05 
    33.7  3.34684e-05 
    33.8  3.30307e-05 
    33.9  3.25987e-05 
    34.0  3.21724e-05 
    34.1  3.17517e-05 
    34.2  3.13364e-05 
    34.3  3.09266e-05 
    34.4  3.05222e-05 
    34.5  3.01230e-05 
    34.6  2.97291e-05 
    34.7  2.93403e-05 
    34.8  2.89566e-05 
    34.9  2.85779e-05 
    35.0  2.82042e-05 
    35.1  2.78353e-05 
    35.2  2.74713e-05 
    35.3  2.71121e-05 
    35.4  2.67575e-05 
    35.5  2.64076e-05 
    35.6  2.60622e-05 
    35.7  2.57214e-05 
    35.8  2.53850e-05 
    35.9  2.50530e-05 
    36.0  2.47254e-05 
    36.1  2.44020e-05 
    36.2  2.40829e-05 
    36.3  2.37680e-05 
    36.4  2.34571e-05 
    36.5  2.31504e-05 
    36.6  2.28476e-05 
    36.7  2.25488e-05 
    36.8  2.22540e-05 
    36.9  2.19629e-05 
    37.0  2.16757e-05 
    37.1  2.13922e-05 
    37.2  2.11125e-05 
    37.3  2.08364e-05 
    37.4  2.05639e-05 
    37.5  2.02949e-05 
    37.6  2.00295e-05 
    37.7  1.97676e-05 
    37.8  1.95091e-05 
    37.9  1.92540e-05 
    38.0  1.90022e-05 
    38.1  1.87536e-05 
    38.2  1.85084e-05 
    38.3  1.82663e-05 
    38.4  1.80275e-05 
    38.5  1.77917e-05 
    38.6  1.75590e-05 
    38.7  1.73294e-05 
    38.8  1.71028e-05 
    38.9  1.68791e-05 
    39.0  1.66584e-05 
    39.1  1.64405e-05 
    39.2  1.62255e-05 
    39.3  1.60133e-05 
    39.4  1.58039e-05 
    39.5  1.55972e-05 
    39.6  1.53933e-05 
    39.7  1.51919e-05 
    39.8  1.49933e-05 
    39.9  1.47972e-05 
    40.0  1.46037e-05 
    40.1  1.44127e-05 
    40.2  1.42242e-05 
    40.3  1.40382e-05 
    40.4  1.38546e-05 
    40.5  1.36734e-05 
    40.6  1.34946e-05 
    40.7  1.33181e-05 
    40.8  1.31440e-05 
    40.9  1.29721e-05 
    41.0  1.28024e-05 
    41.1  1.26350e-05 
    41.2  1.24698e-05 
    41.3  1.23067e-05 
    41.4  1.21457e-05 
    41.5  1.19869e-05 
    41.6  1.18301e-05 
    41.7  1.16754e-05 
    41.8  1.15227e-05 
    41.9  1.13721e-05 
    42.0  1.12233e-05 
    42.1  1.10766e-05 
    42.2  1.09317e-05 
    42.3  1.07887e-05 
    42.4  1.06476e-05 
    42.5  1.05084e-05 
    42.6  1.03710e-05 
    42.7  1.02353e-05 
    42.8  1.01015e-05 
    42.9  9.96939e-06 
    43.0  9.83901e-06 
    43.1  9.71034e-06 
    43.2  9.58335e-06 
    43.3  9.45803e-06 
    43.4  9.33434e-06 
    43.5  9.21227e-06 
    43.6  9.09179e-06 
    43.7  8.97289e-06 
    43.8  8.85555e-06 
    43.9  8.73974e-06 
    44.0  8.62544e-06 
    44.1  8.51264e-06 
    44.2  8.40132e-06 
    44.3  8.29145e-06 
    44.4  8.18301e-06 
    44.5  8.07600e-06 
    44.6  7.97038e-06 
    44.7  7.86615e-06 
    44.8  7.76328e-06 
    44.9  7.66175e-06 
    45.0  7.56155e-06 
    45.1  7.46267e-06 
    45.2  7.36507e-06 
    45.3  7.26875e-06 
    45.4  7.17370e-06 
    45.5  7.07988e-06 
    45.6  6.98729e-06 
    45.7  6.89592e-06 
    45.8  6.80573e-06 
    45.9  6.71673e-06 
    46.0  6.62889e-06 
    46.1  6.54220e-06 
    46.2  6.45664e-06 
    46.3  6.37221e-06 
    46.4  6.28887e-06 
    46.5  6.20663e-06 
    46.6  6.12546e-06 
    46.7  6.04535e-06 
    46.8  5.96629e-06 
    46.9  5.88827e-06 
    47.0  5.81126e-06 
    47.1  5.73527e-06 
    47.2  5.66026e-06 
    47.3  5.58624e-06 
    47.4  5.51318e-06 
    47.5  5.44108e-06 
    47.6  5.36993e-06 
    47.7  5.29970e-06 
    47.8  5.23039e-06 
    47.9  5.16199e-06 
    48.0  5.09449e-06 
    48.1  5.02786e-06 
    48.2  4.96211e-06 
    48.3  4.89722e-06 
    48.4  4.83317e-06 
    48.5  4.76997e-06 
    48.6  4.70759e-06 
    48.7  4.64602e-06 
    48.8  4.58526e-06 
    48.9  4.52530e-06 
    49.0  4.46612e-06 
    49.1  4.40771e-06 
    49.2  4.35007e-06 
    49.3  4.29318e-06 
    49.4  4.23703e-06 
    49.5  4.18162e-06 
    49.6  4.12694e-06 
    49.7  4.07297e-06 
    49.8  4.01970e-06 
    49.9  3.96713e-06 
    50.0  3.91525e-06 
