     0.0  0.00000e+00 
     0.1  1.52648e-04 
     0.2  4.63246e-04 
     0.3  8.49765e-04 
     0.4  1.27083e-03 
     0.5  1.70144e-03 
     0.6  2.12589e-03 
     0.7  2.53423e-03 
     0.8  2.92033e-03 
     0.9  3.28059e-03 
     1.0  3.61313e-03 
     1.1  3.91727e-03 
     1.2  4.19312e-03 
     1.3  4.44133e-03 
     1.4  4.66290e-03 
     1.5  4.85908e-03 
     1.6  5.03122e-03 
     1.7  5.18076e-03 
     1.8  5.30916e-03 
     1.9  5.41785e-03 
     2.0  5.50824e-03 
     2.1  5.58169e-03 
     2.2  5.63949e-03 
     2.3  5.68289e-03 
     2.4  5.71305e-03 
     2.5  5.73107e-03 
     2.6  5.73797e-03 
     2.7  5.73472e-03 
     2.8  5.72223e-03 
     2.9  5.70133e-03 
     3.0  5.67280e-03 
     3.1  5.63737e-03 
     3.2  5.59571e-03 
     3.3  5.54844e-03 
     3.4  5.49614e-03 
     3.5  5.43934e-03 
     3.6  5.37855e-03 
     3.7  5.31421e-03 
     3.8  5.24674e-03 
     3.9  5.17654e-03 
     4.0  5.10396e-03 
     4.1  5.02934e-03 
     4.2  4.95297e-03 
     4.3  4.87513e-03 
     4.4  4.79609e-03 
     4.5  4.71608e-03 
     4.6  4.63531e-03 
     4.7  4.55398e-03 
     4.8  4.47228e-03 
     4.9  4.39036e-03 
     5.0  4.30839e-03 
     5.1  4.22649e-03 
     5.2  4.14480e-03 
     5.3  4.06342e-03 
     5.4  3.98247e-03 
     5.5  3.90204e-03 
     5.6  3.82220e-03 
     5.7  3.74304e-03 
     5.8  3.66463e-03 
     5.9  3.58703e-03 
     6.0  3.51028e-03 
     6.1  3.43445e-03 
     6.2  3.35957e-03 
     6.3  3.28568e-03 
     6.4  3.21282e-03 
     6.5  3.14101e-03 
     6.6  3.07027e-03 
     6.7  3.00063e-03 
     6.8  2.93211e-03 
     6.9  2.86471e-03 
     7.0  2.79845e-03 
     7.1  2.73334e-03 
     7.2  2.66938e-03 
     7.3  2.60657e-03 
     7.4  2.54492e-03 
     7.5  2.48443e-03 
     7.6  2.42509e-03 
     7.7  2.36690e-03 
     7.8  2.31746e-03 
     7.9  2.27831e-03 
     8.0  2.23982e-03 
     8.1  2.20198e-03 
     8.2  2.16478e-03 
     8.3  2.12821e-03 
     8.4  2.09226e-03 
     8.5  2.05691e-03 
     8.6  2.02216e-03 
     8.7  1.98800e-03 
     8.8  1.95441e-03 
     8.9  1.92139e-03 
     9.0  1.88893e-03 
     9.1  1.85702e-03 
     9.2  1.82565e-03 
     9.3  1.79481e-03 
     9.4  1.76448e-03 
     9.5  1.73467e-03 
     9.6  1.70537e-03 
     9.7  1.67656e-03 
     9.8  1.64823e-03 
     9.9  1.62039e-03 
    10.0  1.59301e-03 
    10.1  1.56610e-03 
    10.2  1.53964e-03 
    10.3  1.51363e-03 
    10.4  1.48806e-03 
    10.5  1.46292e-03 
    10.6  1.43821e-03 
    10.7  1.41391e-03 
    10.8  1.39002e-03 
    10.9  1.36654e-03 
    11.0  1.34345e-03 
    11.1  1.32076e-03 
    11.2  1.29844e-03 
    11.3  1.27651e-03 
    11.4  1.25494e-03 
    11.5  1.23374e-03 
    11.6  1.21290e-03 
    11.7  1.19241e-03 
    11.8  1.17226e-03 
    11.9  1.15246e-03 
    12.0  1.13299e-03 
    12.1  1.11385e-03 
    12.2  1.09503e-03 
    12.3  1.07653e-03 
    12.4  1.05834e-03 
    12.5  1.04046e-03 
    12.6  1.02289e-03 
    12.7  1.00561e-03 
    12.8  9.88617e-04 
    12.9  9.71915e-04 
    13.0  9.55496e-04 
    13.1  9.39354e-04 
    13.2  9.23484e-04 
    13.3  9.07883e-04 
    13.4  8.92545e-04 
    13.5  8.77466e-04 
    13.6  8.62642e-04 
    13.7  8.48068e-04 
    13.8  8.33741e-04 
    13.9  8.19656e-04 
    14.0  8.05808e-04 
    14.1  7.92195e-04 
    14.2  7.78812e-04 
    14.3  7.65654e-04 
    14.4  7.52719e-04 
    14.5  7.40003e-04 
    14.6  7.27501e-04 
    14.7  7.15211e-04 
    14.8  7.03128e-04 
    14.9  6.91249e-04 
    15.0  6.79571e-04 
    15.1  6.68090e-04 
    15.2  6.56804e-04 
    15.3  6.45707e-04 
    15.4  6.34799e-04 
    15.5  6.24074e-04 
    15.6  6.13531e-04 
    15.7  6.03166e-04 
    15.8  5.92976e-04 
    15.9  5.82958e-04 
    16.0  5.73110e-04 
    16.1  5.63428e-04 
    16.2  5.53909e-04 
    16.3  5.44551e-04 
    16.4  5.35352e-04 
    16.5  5.26307e-04 
    16.6  5.17416e-04 
    16.7  5.08675e-04 
    16.8  5.00081e-04 
    16.9  4.91633e-04 
    17.0  4.83327e-04 
    17.1  4.75162e-04 
    17.2  4.67134e-04 
    17.3  4.59242e-04 
    17.4  4.51484e-04 
    17.5  4.43856e-04 
    17.6  4.36358e-04 
    17.7  4.28986e-04 
    17.8  4.21739e-04 
    17.9  4.14614e-04 
    18.0  4.07609e-04 
    18.1  4.00723e-04 
    18.2  3.93953e-04 
    18.3  3.87298e-04 
    18.4  3.80755e-04 
    18.5  3.74322e-04 
    18.6  3.67998e-04 
    18.7  3.61781e-04 
    18.8  3.55669e-04 
    18.9  3.49661e-04 
    19.0  3.43753e-04 
    19.1  3.37946e-04 
    19.2  3.32237e-04 
    19.3  3.26624e-04 
    19.4  3.21106e-04 
    19.5  3.15681e-04 
    19.6  3.10348e-04 
    19.7  3.05105e-04 
    19.8  2.99950e-04 
    19.9  2.94883e-04 
    20.0  2.89901e-04 
    20.1  2.85004e-04 
    20.2  2.80189e-04 
    20.3  2.75455e-04 
    20.4  2.70802e-04 
    20.5  2.66227e-04 
    20.6  2.61729e-04 
    20.7  2.57307e-04 
    20.8  2.52960e-04 
    20.9  2.48687e-04 
    21.0  2.44486e-04 
    21.1  2.40355e-04 
    21.2  2.36295e-04 
    21.3  2.32303e-04 
    21.4  2.28378e-04 
    21.5  2.24520e-04 
    21.6  2.20727e-04 
    21.7  2.16998e-04 
    21.8  2.13332e-04 
    21.9  2.09728e-04 
    22.0  2.06185e-04 
    22.1  2.02701e-04 
    22.2  1.99277e-04 
    22.3  1.95910e-04 
    22.4  1.92601e-04 
    22.5  1.89347e-04 
    22.6  1.86148e-04 
    22.7  1.83003e-04 
    22.8  1.79911e-04 
    22.9  1.76872e-04 
    23.0  1.73884e-04 
    23.1  1.70946e-04 
    23.2  1.68058e-04 
    23.3  1.65219e-04 
    23.4  1.62428e-04 
    23.5  1.59684e-04 
    23.6  1.56986e-04 
    23.7  1.54334e-04 
    23.8  1.51727e-04 
    23.9  1.49163e-04 
    24.0  1.46643e-04 
    24.1  1.44166e-04 
    24.2  1.41730e-04 
    24.3  1.39336e-04 
    24.4  1.36982e-04 
    24.5  1.34668e-04 
    24.6  1.32393e-04 
    24.7  1.30156e-04 
    24.8  1.27957e-04 
    24.9  1.25796e-04 
    25.0  1.23670e-04 
    25.1  1.21581e-04 
    25.2  1.19527e-04 
    25.3  1.17508e-04 
    25.4  1.15523e-04 
    25.5  1.13571e-04 
    25.6  1.11652e-04 
    25.7  1.09766e-04 
    25.8  1.07912e-04 
    25.9  1.06088e-04 
    26.0  1.04296e-04 
    26.1  1.02534e-04 
    26.2  1.00802e-04 
    26.3  9.90990e-05 
    26.4  9.74248e-05 
    26.5  9.57789e-05 
    26.6  9.41608e-05 
    26.7  9.25701e-05 
    26.8  9.10062e-05 
    26.9  8.94687e-05 
    27.0  8.79572e-05 
    27.1  8.64713e-05 
    27.2  8.50104e-05 
    27.3  8.35742e-05 
    27.4  8.21623e-05 
    27.5  8.07743e-05 
    27.6  7.94097e-05 
    27.7  7.80681e-05 
    27.8  7.67492e-05 
    27.9  7.54526e-05 
    28.0  7.41779e-05 
    28.1  7.29247e-05 
    28.2  7.16927e-05 
    28.3  7.04816e-05 
    28.4  6.92908e-05 
    28.5  6.81202e-05 
    28.6  6.69694e-05 
    28.7  6.58380e-05 
    28.8  6.47257e-05 
    28.9  6.36323e-05 
    29.0  6.25573e-05 
    29.1  6.15004e-05 
    29.2  6.04614e-05 
    29.3  5.94400e-05 
    29.4  5.84358e-05 
    29.5  5.74486e-05 
    29.6  5.64780e-05 
    29.7  5.55239e-05 
    29.8  5.45859e-05 
    29.9  5.36637e-05 
    30.0  5.27571e-05 
    30.1  5.18658e-05 
    30.2  5.09896e-05 
    30.3  5.01281e-05 
    30.4  4.92813e-05 
    30.5  4.84487e-05 
    30.6  4.76302e-05 
    30.7  4.68255e-05 
    30.8  4.60345e-05 
    30.9  4.52568e-05 
    31.0  4.44922e-05 
    31.1  4.37405e-05 
    31.2  4.30016e-05 
    31.3  4.22751e-05 
    31.4  4.15609e-05 
    31.5  4.08588e-05 
    31.6  4.01685e-05 
    31.7  3.94899e-05 
    31.8  3.88227e-05 
    31.9  3.81669e-05 
    32.0  3.75221e-05 
    32.1  3.68882e-05 
    32.2  3.62650e-05 
    32.3  3.56523e-05 
    32.4  3.50500e-05 
    32.5  3.44579e-05 
    32.6  3.38757e-05 
    32.7  3.33034e-05 
    32.8  3.27408e-05 
    32.9  3.21877e-05 
    33.0  3.16439e-05 
    33.1  3.11093e-05 
    33.2  3.05837e-05 
    33.3  3.00670e-05 
    33.4  2.95591e-05 
    33.5  2.90597e-05 
    33.6  2.85688e-05 
    33.7  2.80861e-05 
    33.8  2.76116e-05 
    33.9  2.71452e-05 
    34.0  2.66866e-05 
    34.1  2.62357e-05 
    34.2  2.57925e-05 
    34.3  2.53568e-05 
    34.4  2.49284e-05 
    34.5  2.45072e-05 
    34.6  2.40932e-05 
    34.7  2.36862e-05 
    34.8  2.32860e-05 
    34.9  2.28926e-05 
    35.0  2.25059e-05 
    35.1  2.21257e-05 
    35.2  2.17519e-05 
    35.3  2.13844e-05 
    35.4  2.10231e-05 
    35.5  2.06680e-05 
    35.6  2.03188e-05 
    35.7  1.99755e-05 
    35.8  1.96381e-05 
    35.9  1.93063e-05 
    36.0  1.89801e-05 
    36.1  1.86595e-05 
    36.2  1.83442e-05 
    36.3  1.80343e-05 
    36.4  1.77297e-05 
    36.5  1.74301e-05 
    36.6  1.71357e-05 
    36.7  1.68462e-05 
    36.8  1.65616e-05 
    36.9  1.62818e-05 
    37.0  1.60067e-05 
    37.1  1.57363e-05 
    37.2  1.54704e-05 
    37.3  1.52091e-05 
    37.4  1.49521e-05 
    37.5  1.46995e-05 
    37.6  1.44512e-05 
    37.7  1.42071e-05 
    37.8  1.39670e-05 
    37.9  1.37311e-05 
    38.0  1.34991e-05 
    38.1  1.32711e-05 
    38.2  1.30469e-05 
    38.3  1.28264e-05 
    38.4  1.26097e-05 
    38.5  1.23967e-05 
    38.6  1.21873e-05 
    38.7  1.19814e-05 
    38.8  1.17790e-05 
    38.9  1.15800e-05 
    39.0  1.13843e-05 
    39.1  1.11920e-05 
    39.2  1.10029e-05 
    39.3  1.08171e-05 
    39.4  1.06343e-05 
    39.5  1.04547e-05 
    39.6  1.02780e-05 
    39.7  1.01044e-05 
    39.8  9.93369e-06 
    39.9  9.76587e-06 
    40.0  9.60089e-06 
    40.1  9.43869e-06 
    40.2  9.27923e-06 
    40.3  9.12246e-06 
    40.4  8.96835e-06 
    40.5  8.81684e-06 
    40.6  8.66788e-06 
    40.7  8.52145e-06 
    40.8  8.37749e-06 
    40.9  8.23596e-06 
    41.0  8.09682e-06 
    41.1  7.96003e-06 
    41.2  7.82555e-06 
    41.3  7.69335e-06 
    41.4  7.56337e-06 
    41.5  7.43560e-06 
    41.6  7.30998e-06 
    41.7  7.18648e-06 
    41.8  7.06508e-06 
    41.9  6.94572e-06 
    42.0  6.82838e-06 
    42.1  6.71302e-06 
    42.2  6.59961e-06 
    42.3  6.48811e-06 
    42.4  6.37850e-06 
    42.5  6.27074e-06 
    42.6  6.16480e-06 
    42.7  6.06065e-06 
    42.8  5.95827e-06 
    42.9  5.85761e-06 
    43.0  5.75865e-06 
    43.1  5.66136e-06 
    43.2  5.56572e-06 
    43.3  5.47169e-06 
    43.4  5.37925e-06 
    43.5  5.28837e-06 
    43.6  5.19903e-06 
    43.7  5.11120e-06 
    43.8  5.02485e-06 
    43.9  4.93996e-06 
    44.0  4.85650e-06 
    44.1  4.77446e-06 
    44.2  4.69380e-06 
    44.3  4.61450e-06 
    44.4  4.53654e-06 
    44.5  4.45990e-06 
    44.6  4.38455e-06 
    44.7  4.31048e-06 
    44.8  4.23766e-06 
    44.9  4.16607e-06 
    45.0  4.09569e-06 
    45.1  4.02649e-06 
    45.2  3.95847e-06 
    45.3  3.89159e-06 
    45.4  3.82585e-06 
    45.5  3.76121e-06 
    45.6  3.69767e-06 
    45.7  3.63520e-06 
    45.8  3.57379e-06 
    45.9  3.51341e-06 
    46.0  3.45406e-06 
    46.1  3.39570e-06 
    46.2  3.33834e-06 
    46.3  3.28194e-06 
    46.4  3.22649e-06 
    46.5  3.17199e-06 
    46.6  3.11840e-06 
    46.7  3.06571e-06 
    46.8  3.01392e-06 
    46.9  2.96300e-06 
    47.0  2.91295e-06 
    47.1  2.86374e-06 
    47.2  2.81536e-06 
    47.3  2.76779e-06 
    47.4  2.72103e-06 
    47.5  2.67506e-06 
    47.6  2.62987e-06 
    47.7  2.58544e-06 
    47.8  2.54176e-06 
    47.9  2.49882e-06 
    48.0  2.45661e-06 
    48.1  2.41511e-06 
    48.2  2.37430e-06 
    48.3  2.33419e-06 
    48.4  2.29476e-06 
    48.5  2.25599e-06 
    48.6  2.21788e-06 
    48.7  2.18041e-06 
    48.8  2.14357e-06 
    48.9  2.10736e-06 
    49.0  2.07176e-06 
    49.1  2.03676e-06 
    49.2  2.00235e-06 
    49.3  1.96852e-06 
    49.4  1.93526e-06 
    49.5  1.90257e-06 
    49.6  1.87043e-06 
    49.7  1.83883e-06 
    49.8  1.80776e-06 
    49.9  1.77722e-06 
    50.0  1.74720e-06 
