-299.e-9  0.000000E+00
-297.e-9  0.000000E+00
-295.e-9  0.000000E+00
-293.e-9  0.000000E+00
-291.e-9  0.000000E+00
-289.e-9  0.000000E+00
-287.e-9  0.000000E+00
-285.e-9  0.000000E+00
-283.e-9  0.000000E+00
-281.e-9  0.000000E+00
-279.e-9  0.000000E+00
-277.e-9  0.000000E+00
-275.e-9  0.000000E+00
-273.e-9  0.000000E+00
-271.e-9  0.000000E+00
-269.e-9  0.000000E+00
-267.e-9  0.000000E+00
-265.e-9  0.000000E+00
-263.e-9  0.000000E+00
-261.e-9  0.000000E+00
-259.e-9  0.000000E+00
-257.e-9  0.000000E+00
-255.e-9  0.000000E+00
-253.e-9  0.000000E+00
-251.e-9  0.000000E+00
-249.e-9  0.000000E+00
-247.e-9  0.000000E+00
-245.e-9  0.000000E+00
-243.e-9  0.000000E+00
-241.e-9  0.000000E+00
-239.e-9  0.000000E+00
-237.e-9  0.000000E+00
-235.e-9  0.000000E+00
-233.e-9  0.000000E+00
-231.e-9  0.000000E+00
-229.e-9  0.000000E+00
-227.e-9  0.000000E+00
-225.e-9  0.000000E+00
-223.e-9  0.000000E+00
-221.e-9  0.000000E+00
-219.e-9  0.000000E+00
-217.e-9  0.000000E+00
-215.e-9  0.000000E+00
-213.e-9  0.000000E+00
-211.e-9  0.000000E+00
-209.e-9  0.000000E+00
-207.e-9  0.000000E+00
-205.e-9  0.000000E+00
-203.e-9  0.000000E+00
-201.e-9  0.000000E+00
-199.e-9  0.000000E+00
-197.e-9  0.000000E+00
-195.e-9  0.000000E+00
-193.e-9  0.000000E+00
-191.e-9  0.000000E+00
-189.e-9  0.000000E+00
-187.e-9  0.000000E+00
-185.e-9  0.000000E+00
-183.e-9  0.000000E+00
-181.e-9  0.000000E+00
-179.e-9  0.000000E+00
-177.e-9  0.000000E+00
-175.e-9  0.000000E+00
-173.e-9  0.000000E+00
-171.e-9  0.000000E+00
-169.e-9  0.000000E+00
-167.e-9  0.000000E+00
-165.e-9  0.000000E+00
-163.e-9  0.000000E+00
-161.e-9  0.000000E+00
-159.e-9  0.000000E+00
-157.e-9  0.000000E+00
-155.e-9  0.000000E+00
-153.e-9  0.000000E+00
-151.e-9  0.000000E+00
-149.e-9  0.000000E+00
-147.e-9  0.000000E+00
-145.e-9  0.000000E+00
-143.e-9  0.000000E+00
-141.e-9  0.000000E+00
-139.e-9  0.000000E+00
-137.e-9  0.000000E+00
-135.e-9  0.000000E+00
-133.e-9  0.000000E+00
-131.e-9  0.000000E+00
-129.e-9  0.000000E+00
-127.e-9  0.000000E+00
-125.e-9  0.000000E+00
-123.e-9  0.000000E+00
-121.e-9  0.000000E+00
-119.e-9  0.000000E+00
-117.e-9  0.000000E+00
-115.e-9  0.000000E+00
-113.e-9  0.000000E+00
-111.e-9  0.000000E+00
-109.e-9  0.000000E+00
-107.e-9  0.000000E+00
-105.e-9  0.000000E+00
-103.e-9  0.000000E+00
-101.e-9  0.000000E+00
 -99.e-9  0.000000E+00
 -97.e-9  0.000000E+00
 -95.e-9  0.000000E+00
 -93.e-9  0.000000E+00
 -91.e-9  0.000000E+00
 -89.e-9  0.000000E+00
 -87.e-9  0.000000E+00
 -85.e-9  0.000000E+00
 -83.e-9  0.000000E+00
 -81.e-9  0.000000E+00
 -79.e-9  0.000000E+00
 -77.e-9  0.000000E+00
 -75.e-9  0.000000E+00
 -73.e-9  0.000000E+00
 -71.e-9  0.000000E+00
 -69.e-9  0.000000E+00
 -67.e-9  0.000000E+00
 -65.e-9  0.000000E+00
 -63.e-9  0.000000E+00
 -61.e-9  0.000000E+00
 -59.e-9  0.000000E+00
 -57.e-9  0.000000E+00
 -55.e-9  0.000000E+00
 -53.e-9  0.000000E+00
 -51.e-9  0.000000E+00
 -49.e-9  0.000000E+00
 -47.e-9  0.000000E+00
 -45.e-9  0.000000E+00
 -43.e-9  0.000000E+00
 -41.e-9  0.000000E+00
 -39.e-9  0.000000E+00
 -37.e-9  0.000000E+00
 -35.e-9  0.000000E+00
 -33.e-9  0.000000E+00
 -31.e-9  0.000000E+00
 -29.e-9  0.000000E+00
 -27.e-9  0.000000E+00
 -25.e-9  0.000000E+00
 -23.e-9  0.000000E+00
 -21.e-9  0.000000E+00
 -19.e-9  0.000000E+00
 -17.e-9  0.000000E+00
 -15.e-9  0.000000E+00
 -13.e-9  0.000000E+00
 -11.e-9  0.000000E+00
  -9.e-9  0.000000E+00
  -7.e-9  0.000000E+00
  -5.e-9  0.000000E+00
  -3.e-9  0.000000E+00
  -1.e-9  0.5
   1.e-9  0.5
   3.e-9  0.000000E+00
   5.e-9  0.000000E+00
   7.e-9  0.000000E+00
   9.e-9  0.000000E+00
  11.e-9  0.000000E+00
  13.e-9  0.000000E+00
  15.e-9  0.000000E+00
  17.e-9  0.000000E+00
  19.e-9  0.000000E+00
  21.e-9  0.000000E+00
  23.e-9  0.000000E+00
  25.e-9  0.000000E+00
  27.e-9  0.000000E+00
  29.e-9  0.000000E+00
  31.e-9  0.000000E+00
  33.e-9  0.000000E+00
  35.e-9  0.000000E+00
  37.e-9  0.000000E+00
  39.e-9  0.000000E+00
  41.e-9  0.000000E+00
  43.e-9  0.000000E+00
  45.e-9  0.000000E+00
  47.e-9  0.000000E+00
  49.e-9  0.000000E+00
  51.e-9  0.000000E+00
  53.e-9  0.000000E+00
  55.e-9  0.000000E+00
  57.e-9  0.000000E+00
  59.e-9  0.000000E+00
  61.e-9  0.000000E+00
  63.e-9  0.000000E+00
  65.e-9  0.000000E+00
  67.e-9  0.000000E+00
  69.e-9  0.000000E+00
  71.e-9  0.000000E+00
  73.e-9  0.000000E+00
  75.e-9  0.000000E+00
  77.e-9  0.000000E+00
  79.e-9  0.000000E+00
  81.e-9  0.000000E+00
  83.e-9  0.000000E+00
  85.e-9  0.000000E+00
  87.e-9  0.000000E+00
  89.e-9  0.000000E+00
  91.e-9  0.000000E+00
  93.e-9  0.000000E+00
  95.e-9  0.000000E+00
  97.e-9  0.000000E+00
  99.e-9  0.000000E+00
 101.e-9  0.000000E+00
 103.e-9  0.000000E+00
 105.e-9  0.000000E+00
 107.e-9  0.000000E+00
 109.e-9  0.000000E+00
 111.e-9  0.000000E+00
 113.e-9  0.000000E+00
 115.e-9  0.000000E+00
 117.e-9  0.000000E+00
 119.e-9  0.000000E+00
 121.e-9  0.000000E+00
 123.e-9  0.000000E+00
 125.e-9  0.000000E+00
 127.e-9  0.000000E+00
 129.e-9  0.000000E+00
 131.e-9  0.000000E+00
 133.e-9  0.000000E+00
 135.e-9  0.000000E+00
 137.e-9  0.000000E+00
 139.e-9  0.000000E+00
 141.e-9  0.000000E+00
 143.e-9  0.000000E+00
 145.e-9  0.000000E+00
 147.e-9  0.000000E+00
 149.e-9  0.000000E+00
 151.e-9  0.000000E+00
 153.e-9  0.000000E+00
 155.e-9  0.000000E+00
 157.e-9  0.000000E+00
 159.e-9  0.000000E+00
 161.e-9  0.000000E+00
 163.e-9  0.000000E+00
 165.e-9  0.000000E+00
 167.e-9  0.000000E+00
 169.e-9  0.000000E+00
 171.e-9  0.000000E+00
 173.e-9  0.000000E+00
 175.e-9  0.000000E+00
 177.e-9  0.000000E+00
 179.e-9  0.000000E+00
 181.e-9  0.000000E+00
 183.e-9  0.000000E+00
 185.e-9  0.000000E+00
 187.e-9  0.000000E+00
 189.e-9  0.000000E+00
 191.e-9  0.000000E+00
 193.e-9  0.000000E+00
 195.e-9  0.000000E+00
 197.e-9  0.000000E+00
 199.e-9  0.000000E+00
 201.e-9  0.000000E+00
 203.e-9  0.000000E+00
 205.e-9  0.000000E+00
 207.e-9  0.000000E+00
 209.e-9  0.000000E+00
 211.e-9  0.000000E+00
 213.e-9  0.000000E+00
 215.e-9  0.000000E+00
 217.e-9  0.000000E+00
 219.e-9  0.000000E+00
 221.e-9  0.000000E+00
 223.e-9  0.000000E+00
 225.e-9  0.000000E+00
 227.e-9  0.000000E+00
 229.e-9  0.000000E+00
 231.e-9  0.000000E+00
 233.e-9  0.000000E+00
 235.e-9  0.000000E+00
 237.e-9  0.000000E+00
 239.e-9  0.000000E+00
 241.e-9  0.000000E+00
 243.e-9  0.000000E+00
 245.e-9  0.000000E+00
 247.e-9  0.000000E+00
 249.e-9  0.000000E+00
 251.e-9  0.000000E+00
 253.e-9  0.000000E+00
 255.e-9  0.000000E+00
 257.e-9  0.000000E+00
 259.e-9  0.000000E+00
 261.e-9  0.000000E+00
 263.e-9  0.000000E+00
 265.e-9  0.000000E+00
 267.e-9  0.000000E+00
 269.e-9  0.000000E+00
 271.e-9  0.000000E+00
 273.e-9  0.000000E+00
 275.e-9  0.000000E+00
 277.e-9  0.000000E+00
 279.e-9  0.000000E+00
 281.e-9  0.000000E+00
 283.e-9  0.000000E+00
 285.e-9  0.000000E+00
 287.e-9  0.000000E+00
 289.e-9  0.000000E+00
 291.e-9  0.000000E+00
 293.e-9  0.000000E+00
 295.e-9  0.000000E+00
 297.e-9  0.000000E+00
